0 913.9986874774384
1 1066.973974304323
2 1353.6424463374747
3 93.47486414679258
4 0.12269267607379566
5 0.1227013392563076
6 0.1227772934579146
7 0.13599202571727212
8 50.330168867609146
9 0.10550589527008476
10 1230.5424231582797
11 16.169001074896613
12 0.3212271317288688
13 80.75520531778622
14 122.81802221458766
15 0.20630836303962888
16 93.96159546272014
17 0.4126776272736627
18 14.721267285059955
19 0.1992305445717726
20 0.19977946195882135
21 0.1998442186413812
22 0.19982639588201856
23 0.19998594868409383
24 72.3191740017912
25 0.20346973247866476
26 52.343913894765514
27 0.16233698523162232
