 0.00  0.00  0.05
 0.00  1.00  0.05
 0.00  2.00  0.05
 0.00  3.00  0.05
 0.00  4.00  0.05
 0.00  5.00  0.05
 0.00  6.00  0.05
 0.00  7.00  0.05
 0.00  8.00  0.05
 0.00  9.00  0.05
 0.00 10.00  0.05
 0.00 11.00  0.05
 0.00 12.00  0.09
 0.00 13.00  0.41
 0.00 14.00  0.53
 0.00 15.00  0.54
 0.00 16.00  0.47
 0.00 17.00  0.32
 0.00 18.00  0.15
 0.00 19.00 -0.03
 0.00 20.00 -0.26
 0.00 21.00 -0.48
 0.00 22.00 -0.69
 0.00 23.00 -0.80
 0.00 24.00 -0.86
 0.00 25.00 -0.88
 0.00 26.00  0.19
 1.00 27.00  0.20
 2.00 28.00  0.20
 3.00 29.00  0.20
 4.00 30.00  0.20
 5.00 31.00  0.20
 6.00 32.00  0.20
 7.00 33.00  0.20
 8.00 34.00  0.29
 9.00 35.00  0.45
 9.00 36.00  0.44
 9.00 37.00  0.44
 9.00 38.00  0.44
 9.00 39.00  0.44
 9.00 40.00  0.44
 9.00 41.00  0.44
 9.00 42.00  0.44
 9.00 43.00  0.44
 9.00 44.00  0.44
 9.00 45.00  0.44
 9.00 46.00  0.44
 9.00 47.00  0.44
 9.00 48.00  0.44
 9.00 49.00  0.44
 9.00 50.00  0.44
 9.00 51.00  0.44
 9.00 52.00  0.46
 9.00 53.00  0.49
 9.00 54.00  0.49
 9.00 55.00  0.49
 9.00 56.00  0.49
 9.00 57.00  0.49
 9.00 58.00  0.49
 9.00 59.00  0.49
 9.00 60.00  0.49
 9.00 61.00  0.49
 9.00 62.00  0.49
 9.00 63.00  0.49
 9.00 64.00  0.49
 9.00 65.00  0.49
 9.00 66.00  0.49
 9.00 67.00  0.49
 9.00 68.00  0.49
 9.00 69.00  0.49
 9.00 70.00  0.49
 9.00 71.00  0.49
 9.00 72.00  0.49
 9.00 73.00  0.49
 9.00 74.00  0.49
 9.00 75.00  0.49
 9.00 76.00  0.49
 9.00 77.00  0.49
 9.00 78.00  0.49
 9.00 79.00  0.49
 9.00 80.00  0.49
 9.00 81.00  0.49
 9.00 82.00  0.49
 9.00 83.00  0.49
 9.00 84.00  0.49
 9.00 85.00  0.49
 9.00 86.00  0.49
 9.00 87.00  0.49
 9.00 88.00  0.49
 9.00 89.00  0.49
 9.00 90.00  0.49
 9.00 91.00  0.49
 9.00 92.00  0.49
 9.00 93.00  0.49
 9.00 94.00  0.49
 9.00 95.00  0.49
 9.00 96.00  0.49
 9.00 97.00  0.49
 9.00 98.00  0.49
 9.00 99.00  0.49
 9.00 100.00  0.49
 9.00 101.00  0.49
 9.00 102.00  0.49
 9.00 103.00  0.49
 9.00 104.00  0.49
 9.00 105.00  0.49
 9.00 106.00  0.49
 9.00 107.00  0.49
 9.00 108.00  0.49
 9.00 109.00  0.49
 9.00 110.00  0.49
 9.00 111.00  0.49
 9.00 112.00  0.49
 9.00 113.00  0.49
 9.00 114.00  0.49
 9.00 115.00  0.49
 9.00 116.00  0.49
 9.00 117.00  0.49
 9.00 118.00  0.49
 9.00 119.00  0.49
 9.00 120.00  0.49
 9.00 121.00  0.49
 9.00 122.00  0.49
 9.00 123.00  0.49
 9.00 124.00  0.49
 9.00 125.00  0.49
 9.00 126.00  0.49
 9.00 127.00  0.49
 9.00 128.00  0.49
 9.00 129.00  0.49
 9.00 130.00  0.49
 9.00 131.00  0.49
 9.00 132.00  0.49
 9.00 133.00  0.49
 9.00 134.00  0.49
 9.00 135.00  0.49
 9.00 136.00  0.49
 9.00 137.00  0.49
 9.00 138.00  0.49
 9.00 139.00  0.49
 9.00 140.00  0.49
 9.00 141.00  0.49
 9.00 142.00  0.49
 9.00 143.00  0.49
 9.00 144.00  0.49
 9.00 145.00  0.49
 9.00 146.00  0.49
 9.00 147.00  0.49
 9.00 148.00  0.49
 9.00 149.00  0.49
 9.00 150.00  0.49
 9.00 151.00  0.49
 9.00 152.00  0.49
 9.00 153.00  0.49
 9.00 154.00  0.49
 9.00 155.00  0.49
 9.00 156.00  0.49
 9.00 157.00  0.49
 9.00 158.00  0.49
 9.00 159.00  0.49
 9.00 160.00  0.49
 9.00 161.00  0.49
 9.00 162.00  0.49
 9.00 163.00  0.49
 9.00 164.00  0.49
 9.00 165.00  0.49
 9.00 166.00  0.49
 9.00 167.00  0.49
 9.00 168.00  0.47
 9.00 169.00  0.44
 9.00 170.00  0.42
 9.00 171.00  0.49
 9.00 172.00  0.53
 9.00 173.00  0.50
 9.00 174.00  0.46
 9.00 175.00  0.44
 9.00 176.00  0.42
 9.00 177.00  0.40
 9.00 178.00  0.38
 9.00 179.00  0.37
 9.00 180.00  0.36
 9.00 181.00  0.34
 9.00 182.00  0.33
 9.00 183.00  0.31
 9.00 184.00  0.29
 9.00 185.00  0.27
 9.00 186.00  0.26
 9.00 187.00  0.24
 9.00 188.00  0.22
 9.00 189.00  0.21
 9.00 190.00  0.13
 9.00 191.00 -0.02
 9.00 192.00 -0.21
 9.00 193.00 -0.43
 9.00 194.00 -0.68
 9.00 195.00 -0.83
 9.00 196.00 -0.88
 9.00 197.00  0.12
10.00 198.00  0.16
