0 3.685469201664152
1 61.474479843692805
2 0.09917076856500401
3 0.08604461667830601
4 41.024625991205575
5 0.05068185243440429
6 11.624415828402338
7 0.0929066504789253
8 0.059201608033580363
9 0.05919935310994624
10 0.05919924515136717
11 0.059199169295871545
12 0.05919926005175691
13 0.059199149333286065
14 0.05919922460494943
15 0.05919925434199373
16 0.05919922548010256
17 0.059199247813416817
18 0.0591992059689897
19 0.059199199645144474
20 0.05919919276254729
21 0.05919927783025393
22 0.05919924073857622
23 0.05919934298262555
24 0.08158413091288519
25 0.395080113344474
26 0.09460111602766884
27 -0.10103665006808021
28 -0.3482393606685971
29 0.302530636796443
30 6.387115397751087
31 0.48531881497077145
32 26.135596446915507
33 0.24399063972302487
34 10.2015879832846
35 0.14049554378304696
36 0.19481313375148648
37 30.840103582268622
38 0.25146450628351935
39 3.412732225884228
40 0.37756005894897204
41 5.4263757258712015
42 0.040005816650445176
43 0.040005816650445176
44 0.04008011510096833
45 0.16040519799991015
46 0.04036686337036877
47 0.040510016878537426
48 0.040509027876526306
49 0.040509027876526306
50 0.040509027876526306
51 0.040509027876526306
52 0.040509027876526306
53 0.040509027876526306
54 0.040509027876526306
55 0.040509027876526306
56 0.040509027876526306
57 0.040509027876526306
