 0.00  0.00  0.05
 0.00  1.00  0.05
 0.00  2.00  0.05
 0.00  3.00  0.05
 0.00  4.00  0.05
 0.00  5.00  0.05
 0.00  6.00  0.05
 0.00  7.00  0.05
 0.00  8.00  0.05
 0.00  9.00  0.05
 0.00 10.00  0.05
 0.00 11.00  0.05
 0.00 12.00  0.05
 0.00 13.00  0.05
 0.00 14.00  0.05
 0.00 15.00  0.05
 0.00 16.00  0.05
 0.00 17.00  0.05
 0.00 18.00  0.05
 0.00 19.00  0.05
 0.00 20.00  0.05
 0.00 21.00  0.05
 0.00 22.00  0.05
 0.00 23.00  0.05
 0.00 24.00  0.05
 0.00 25.00  0.05
 0.00 26.00  0.05
 0.00 27.00  0.05
 0.00 28.00  0.05
 0.00 29.00  0.05
 0.00 30.00  0.05
 0.00 31.00  0.05
 0.00 32.00  0.05
 0.00 33.00  0.05
 0.00 34.00  0.05
 0.00 35.00  0.05
 0.00 36.00  0.05
 0.00 37.00  0.05
 0.00 38.00  0.05
 0.00 39.00  0.05
 0.00 40.00  0.05
 0.00 41.00  0.05
 0.00 42.00  0.05
 0.00 43.00  0.05
 0.00 44.00  0.05
 0.00 45.00  0.05
 0.00 46.00  0.05
 0.00 47.00  0.05
 0.00 48.00  0.05
 0.00 49.00  0.05
 0.00 50.00  0.05
 0.00 51.00  0.05
 0.00 52.00  0.05
 0.00 53.00  0.05
 0.00 54.00  0.05
 0.00 55.00  0.05
 0.00 56.00  0.05
 0.00 57.00  0.05
 0.00 58.00  0.05
 0.00 59.00  0.05
 0.00 60.00  0.05
 0.00 61.00  0.05
 0.00 62.00  0.05
 0.00 63.00  0.05
 0.00 64.00  0.05
 0.00 65.00  0.05
 0.00 66.00  0.05
 0.00 67.00  0.05
 0.00 68.00  0.05
 0.00 69.00  0.05
 0.00 70.00  0.05
 0.00 71.00  0.05
 0.00 72.00  0.05
 0.00 73.00  0.05
 0.00 74.00  0.05
 0.00 75.00  0.05
 0.00 76.00  0.05
 0.00 77.00  0.05
 0.00 78.00  0.05
 0.00 79.00  0.05
 0.00 80.00  0.05
 0.00 81.00  0.05
 0.00 82.00  0.05
 0.00 83.00  0.05
 0.00 84.00  0.05
 0.00 85.00  0.05
 0.00 86.00  0.05
 0.00 87.00  0.05
 0.00 88.00  0.05
 0.00 89.00  0.16
 0.00 90.00  0.39
 0.00 91.00  0.50
 0.00 92.00  0.54
 0.00 93.00  0.53
 0.00 94.00  0.46
 0.00 95.00  0.33
 0.00 96.00  0.15
 0.00 97.00 -0.05
 0.00 98.00 -0.27
 0.00 99.00 -0.49
 0.00 100.00 -0.70
 0.00 101.00 -0.82
 0.00 102.00 -0.86
 0.00 103.00 -0.53
 1.00 104.00  0.22
 1.00 105.00  0.22
 1.00 106.00  0.22
 1.00 107.00  0.22
 1.00 108.00  0.22
 1.00 109.00  0.22
 1.00 110.00  0.24
 1.00 111.00  0.28
 1.00 112.00  0.32
 1.00 113.00  0.38
 1.00 114.00  0.43
 1.00 115.00  0.46
 1.00 116.00  0.44
 1.00 117.00  0.42
 1.00 118.00  0.41
 1.00 119.00  0.43
 1.00 120.00  0.44
 1.00 121.00  0.46
 1.00 122.00  0.48
 1.00 123.00  0.50
 1.00 124.00  0.51
 1.00 125.00  0.52
 1.00 126.00  0.52
 1.00 127.00  0.52
 1.00 128.00  0.51
 1.00 129.00  0.50
 1.00 130.00  0.49
 1.00 131.00  0.49
 1.00 132.00  0.47
 1.00 133.00  0.45
 1.00 134.00  0.45
 1.00 135.00  0.44
 1.00 136.00  0.44
 1.00 137.00  0.43
 1.00 138.00  0.41
 1.00 139.00  0.40
 1.00 140.00  0.40
 1.00 141.00  0.43
 1.00 142.00  0.42
 1.00 143.00  0.42
 1.00 144.00  0.42
 1.00 145.00  0.40
 1.00 146.00  0.40
 1.00 147.00  0.42
 1.00 148.00  0.42
 1.00 149.00  0.42
 1.00 150.00  0.42
 1.00 151.00  0.42
 1.00 152.00  0.41
 1.00 153.00  0.41
 1.00 154.00  0.41
 1.00 155.00  0.41
 1.00 156.00  0.41
 1.00 157.00  0.41
 1.00 158.00  0.41
 1.00 159.00  0.41
 1.00 160.00  0.41
 1.00 161.00  0.41
 1.00 162.00  0.41
 1.00 163.00  0.41
 1.00 164.00  0.41
 1.00 165.00  0.41
 1.00 166.00  0.41
 1.00 167.00  0.41
 1.00 168.00  0.41
 1.00 169.00  0.41
 1.00 170.00  0.41
 1.00 171.00  0.41
 1.00 172.00  0.41
 1.00 173.00  0.41
 1.00 174.00  0.41
 1.00 175.00  0.41
 1.00 176.00  0.41
 1.00 177.00  0.41
 1.00 178.00  0.41
 1.00 179.00  0.41
 1.00 180.00  0.41
 1.00 181.00  0.41
 1.00 182.00  0.41
 1.00 183.00  0.41
 1.00 184.00  0.41
 1.00 185.00  0.41
 1.00 186.00  0.41
 1.00 187.00  0.41
 1.00 188.00  0.41
 1.00 189.00  0.41
 1.00 190.00  0.41
 1.00 191.00  0.41
 1.00 192.00  0.41
 1.00 193.00  0.41
 1.00 194.00  0.41
 1.00 195.00  0.41
 1.00 196.00  0.41
 1.00 197.00  0.41
 1.00 198.00  0.41
 1.00 199.00  0.41
 1.00 200.00  0.41
 1.00 201.00  0.41
 1.00 202.00  0.41
 1.00 203.00  0.41
 1.00 204.00  0.41
 1.00 205.00  0.41
 1.00 206.00  0.41
 1.00 207.00  0.41
 1.00 208.00  0.41
 1.00 209.00  0.41
 1.00 210.00  0.41
 1.00 211.00  0.41
 1.00 212.00  0.41
 1.00 213.00  0.41
 1.00 214.00  0.41
 1.00 215.00  0.41
 1.00 216.00  0.41
 1.00 217.00  0.41
 1.00 218.00  0.41
 1.00 219.00  0.41
 1.00 220.00  0.41
 1.00 221.00  0.41
 1.00 222.00  0.41
 1.00 223.00  0.41
 1.00 224.00  0.41
 1.00 225.00  0.41
 1.00 226.00  0.41
 1.00 227.00  0.41
 1.00 228.00  0.41
 1.00 229.00  0.41
 1.00 230.00  0.41
 1.00 231.00  0.41
 1.00 232.00  0.41
 1.00 233.00  0.41
 1.00 234.00  0.41
 1.00 235.00  0.41
 1.00 236.00  0.37
 1.00 237.00  0.31
 1.00 238.00  0.24
 1.00 239.00  0.24
 1.00 240.00  0.38
 1.00 241.00  0.51
 1.00 242.00  0.53
 1.00 243.00  0.53
 1.00 244.00  0.53
 1.00 245.00  0.53
 1.00 246.00  0.53
 1.00 247.00  0.54
 1.00 248.00  0.53
 1.00 249.00  0.53
 1.00 250.00  0.51
 1.00 251.00  0.50
 1.00 252.00  0.48
 1.00 253.00  0.46
 1.00 254.00  0.44
 1.00 255.00  0.41
 1.00 256.00  0.39
 1.00 257.00  0.36
 1.00 258.00  0.34
 1.00 259.00  0.31
 1.00 260.00  0.29
 1.00 261.00  0.27
 1.00 262.00  0.20
 1.00 263.00  0.10
 1.00 264.00  0.00
 1.00 265.00 -0.15
 1.00 266.00 -0.30
 1.00 267.00 -0.47
 1.00 268.00 -0.68
 1.00 269.00 -0.82
 1.00 270.00 -0.87
 1.00 271.00 -0.89
 1.00 272.00  0.10
 2.00 273.00  0.10
 3.00 274.00  0.09
 4.00 275.00  0.12
 4.00 276.00  0.14
 4.00 277.00  0.17
 4.00 278.00  0.19
 4.00 279.00  0.23
 4.00 280.00  0.25
 4.00 281.00  0.28
 4.00 282.00  0.28
 4.00 283.00  0.28
 4.00 284.00  0.28
 4.00 285.00  0.28
 4.00 286.00  0.28
 4.00 287.00  0.28
 4.00 288.00  0.28
 4.00 289.00  0.28
 4.00 290.00  0.28
 4.00 291.00  0.28
 4.00 292.00  0.28
 4.00 293.00  0.28
 4.00 294.00  0.28
 4.00 295.00  0.28
 4.00 296.00  0.28
 4.00 297.00  0.28
 4.00 298.00  0.28
 4.00 299.00  0.28
 4.00 300.00  0.28
 4.00 301.00  0.28
 4.00 302.00  0.28
 4.00 303.00  0.28
 4.00 304.00  0.28
 4.00 305.00  0.28
 4.00 306.00  0.28
 4.00 307.00  0.28
 4.00 308.00  0.28
 4.00 309.00  0.28
 4.00 310.00  0.28
 4.00 311.00  0.28
 4.00 312.00  0.28
 4.00 313.00  0.28
 4.00 314.00  0.28
 4.00 315.00  0.28
 4.00 316.00  0.28
 4.00 317.00  0.28
 4.00 318.00  0.28
 4.00 319.00  0.28
 4.00 320.00  0.28
 4.00 321.00  0.28
 4.00 322.00  0.28
 4.00 323.00  0.28
 4.00 324.00  0.28
 4.00 325.00  0.28
 4.00 326.00  0.28
 4.00 327.00  0.28
 4.00 328.00  0.28
 4.00 329.00  0.28
 4.00 330.00  0.28
 4.00 331.00  0.28
 4.00 332.00  0.28
 4.00 333.00  0.28
 4.00 334.00  0.28
 4.00 335.00  0.28
 4.00 336.00  0.28
 4.00 337.00  0.28
 4.00 338.00  0.28
 4.00 339.00  0.28
 4.00 340.00  0.28
 4.00 341.00  0.28
 4.00 342.00  0.28
 4.00 343.00  0.28
 4.00 344.00  0.28
 4.00 345.00  0.28
 4.00 346.00  0.28
 4.00 347.00  0.28
 4.00 348.00  0.28
 4.00 349.00  0.28
 4.00 350.00  0.28
 4.00 351.00  0.28
 4.00 352.00  0.28
 4.00 353.00  0.28
 4.00 354.00  0.28
 4.00 355.00  0.28
 4.00 356.00  0.28
 4.00 357.00  0.28
 4.00 358.00  0.28
 4.00 359.00  0.28
 4.00 360.00  0.28
 4.00 361.00  0.28
 4.00 362.00  0.28
 4.00 363.00  0.28
 4.00 364.00  0.28
 4.00 365.00  0.28
 4.00 366.00  0.28
 4.00 367.00  0.28
 4.00 368.00  0.28
 4.00 369.00  0.28
 4.00 370.00  0.28
 4.00 371.00  0.28
 4.00 372.00  0.28
 4.00 373.00  0.28
 4.00 374.00  0.28
 4.00 375.00  0.28
 4.00 376.00  0.28
 4.00 377.00  0.28
 4.00 378.00  0.28
 4.00 379.00  0.28
 4.00 380.00  0.28
 4.00 381.00  0.28
 4.00 382.00  0.28
 4.00 383.00  0.28
 4.00 384.00  0.28
 4.00 385.00  0.28
 4.00 386.00  0.28
 4.00 387.00  0.28
 4.00 388.00  0.28
 4.00 389.00  0.28
 4.00 390.00  0.28
 4.00 391.00  0.28
 4.00 392.00  0.28
 4.00 393.00  0.28
 4.00 394.00  0.28
 4.00 395.00  0.28
 4.00 396.00  0.28
 4.00 397.00  0.28
 4.00 398.00  0.28
 4.00 399.00  0.32
 4.00 400.00  0.39
 4.00 401.00  0.46
 4.00 402.00  0.49
 4.00 403.00  0.48
 4.00 404.00  0.44
 4.00 405.00  0.38
 4.00 406.00  0.32
 4.00 407.00  0.35
 4.00 408.00  0.44
 4.00 409.00  0.51
 4.00 410.00  0.53
 4.00 411.00  0.54
 4.00 412.00  0.54
 4.00 413.00  0.53
 4.00 414.00  0.51
 4.00 415.00  0.50
 4.00 416.00  0.48
 4.00 417.00  0.46
 4.00 418.00  0.44
 4.00 419.00  0.41
 4.00 420.00  0.38
 4.00 421.00  0.36
 4.00 422.00  0.34
 4.00 423.00  0.31
 4.00 424.00  0.29
 4.00 425.00  0.27
 4.00 426.00  0.23
 4.00 427.00  0.14
 4.00 428.00  0.04
 4.00 429.00 -0.10
 4.00 430.00 -0.26
 4.00 431.00 -0.43
 4.00 432.00 -0.61
 4.00 433.00 -0.76
 4.00 434.00 -0.86
 4.00 435.00 -0.89
 4.00 436.00 -0.89
 4.00 437.00  0.10
 5.00 438.00  0.05
 6.00 439.00  0.35
 6.00 440.00  0.17
 6.00 441.00  0.11
 6.00 442.00  0.16
 6.00 443.00  0.27
 6.00 444.00  0.35
 6.00 445.00  0.42
 6.00 446.00  0.45
 6.00 447.00  0.48
 6.00 448.00  0.50
 6.00 449.00  0.52
 6.00 450.00  0.53
 6.00 451.00  0.54
 6.00 452.00  0.54
 6.00 453.00  0.54
 6.00 454.00  0.53
 6.00 455.00  0.52
 6.00 456.00  0.51
 6.00 457.00  0.49
 6.00 458.00  0.47
 6.00 459.00  0.46
 6.00 460.00  0.44
 6.00 461.00  0.42
 6.00 462.00  0.39
 6.00 463.00  0.37
 6.00 464.00  0.35
 6.00 465.00  0.33
 6.00 466.00  0.31
 6.00 467.00  0.23
 6.00 468.00  0.15
 6.00 469.00  0.10
 6.00 470.00  0.02
 6.00 471.00 -0.08
 6.00 472.00 -0.21
 6.00 473.00 -0.12
 7.00 474.00  0.09
 8.00 475.00  0.06
 9.00 476.00  0.06
10.00 477.00  0.06
11.00 478.00  0.06
12.00 479.00  0.06
13.00 480.00  0.06
14.00 481.00  0.06
15.00 482.00  0.06
16.00 483.00  0.06
17.00 484.00  0.06
18.00 485.00  0.06
19.00 486.00  0.06
20.00 487.00  0.06
21.00 488.00  0.06
22.00 489.00  0.06
23.00 490.00  0.06
24.00 491.00  0.08
25.00 492.00  0.40
26.00 493.00  0.09
27.00 494.00 -0.10
28.00 495.00 -0.47
28.00 496.00  0.12
29.00 497.00  0.30
30.00 498.00  0.19
30.00 499.00  0.15
30.00 500.00  0.10
30.00 501.00  0.06
30.00 502.00  0.05
30.00 503.00  0.05
30.00 504.00  0.05
30.00 505.00  0.05
30.00 506.00  0.05
30.00 507.00  0.05
30.00 508.00  0.05
30.00 509.00  0.05
30.00 510.00  0.05
30.00 511.00  0.05
30.00 512.00  0.05
30.00 513.00  0.10
30.00 514.00  0.20
30.00 515.00  0.33
30.00 516.00  0.41
30.00 517.00  0.48
30.00 518.00  0.52
30.00 519.00  0.54
30.00 520.00  0.54
30.00 521.00  0.53
30.00 522.00  0.50
30.00 523.00  0.49
30.00 524.00  0.47
30.00 525.00  0.46
30.00 526.00  0.44
30.00 527.00  0.44
30.00 528.00  0.43
30.00 529.00  0.41
30.00 530.00  0.39
30.00 531.00  0.37
30.00 532.00  0.27
30.00 533.00  0.14
30.00 534.00  0.02
30.00 535.00 -0.12
30.00 536.00 -0.25
30.00 537.00 -0.48
30.00 538.00 -0.69
30.00 539.00 -0.84
30.00 540.00 -0.87
30.00 541.00  0.13
31.00 542.00  0.49
32.00 543.00  0.05
32.00 544.00  0.05
32.00 545.00  0.05
32.00 546.00  0.05
32.00 547.00  0.05
32.00 548.00  0.06
32.00 549.00  0.07
32.00 550.00  0.11
32.00 551.00  0.14
32.00 552.00  0.19
32.00 553.00  0.24
32.00 554.00  0.28
32.00 555.00  0.33
32.00 556.00  0.38
32.00 557.00  0.42
32.00 558.00  0.45
32.00 559.00  0.49
32.00 560.00  0.51
32.00 561.00  0.53
32.00 562.00  0.54
32.00 563.00  0.54
32.00 564.00  0.54
32.00 565.00  0.53
32.00 566.00  0.51
32.00 567.00  0.50
32.00 568.00  0.48
32.00 569.00  0.46
32.00 570.00  0.45
32.00 571.00  0.44
32.00 572.00  0.44
32.00 573.00  0.43
32.00 574.00  0.42
32.00 575.00  0.42
32.00 576.00  0.43
32.00 577.00  0.43
32.00 578.00  0.44
32.00 579.00  0.44
32.00 580.00  0.45
32.00 581.00  0.46
32.00 582.00  0.47
32.00 583.00  0.48
32.00 584.00  0.49
32.00 585.00  0.51
32.00 586.00  0.52
32.00 587.00  0.53
32.00 588.00  0.54
32.00 589.00  0.54
32.00 590.00  0.54
32.00 591.00  0.54
32.00 592.00  0.52
32.00 593.00  0.51
32.00 594.00  0.52
32.00 595.00  0.51
32.00 596.00  0.50
32.00 597.00  0.49
32.00 598.00  0.48
32.00 599.00  0.48
32.00 600.00  0.46
32.00 601.00  0.46
32.00 602.00  0.48
32.00 603.00  0.51
32.00 604.00  0.53
32.00 605.00  0.54
32.00 606.00  0.54
32.00 607.00  0.53
32.00 608.00  0.52
32.00 609.00  0.50
32.00 610.00  0.48
32.00 611.00  0.45
32.00 612.00  0.43
32.00 613.00  0.40
32.00 614.00  0.36
32.00 615.00  0.28
32.00 616.00  0.17
32.00 617.00  0.06
32.00 618.00 -0.07
32.00 619.00 -0.22
32.00 620.00 -0.41
32.00 621.00 -0.62
32.00 622.00 -0.74
32.00 623.00 -0.82
32.00 624.00 -0.85
32.00 625.00 -0.87
32.00 626.00  0.12
33.00 627.00  0.24
34.00 628.00  0.05
34.00 629.00  0.05
34.00 630.00  0.05
34.00 631.00  0.05
34.00 632.00  0.05
34.00 633.00  0.05
34.00 634.00  0.05
34.00 635.00  0.05
34.00 636.00  0.05
34.00 637.00  0.05
34.00 638.00  0.05
34.00 639.00  0.05
34.00 640.00  0.05
34.00 641.00  0.05
34.00 642.00  0.05
34.00 643.00  0.05
34.00 644.00  0.05
34.00 645.00  0.05
34.00 646.00  0.05
34.00 647.00  0.05
34.00 648.00  0.05
34.00 649.00  0.05
34.00 650.00  0.05
34.00 651.00  0.05
34.00 652.00  0.05
34.00 653.00  0.05
34.00 654.00  0.05
34.00 655.00  0.05
34.00 656.00  0.05
34.00 657.00  0.05
34.00 658.00  0.05
34.00 659.00  0.05
34.00 660.00  0.05
34.00 661.00  0.05
34.00 662.00  0.05
34.00 663.00  0.05
34.00 664.00  0.05
34.00 665.00  0.05
34.00 666.00  0.05
34.00 667.00  0.05
34.00 668.00  0.05
34.00 669.00  0.05
34.00 670.00  0.05
34.00 671.00  0.05
34.00 672.00  0.05
34.00 673.00  0.05
34.00 674.00  0.05
34.00 675.00  0.05
34.00 676.00  0.05
34.00 677.00  0.05
34.00 678.00  0.05
34.00 679.00  0.05
34.00 680.00  0.05
34.00 681.00  0.05
34.00 682.00  0.05
34.00 683.00  0.05
34.00 684.00  0.05
34.00 685.00  0.05
34.00 686.00  0.05
34.00 687.00  0.05
34.00 688.00  0.05
34.00 689.00  0.05
34.00 690.00  0.05
34.00 691.00  0.05
34.00 692.00  0.05
34.00 693.00  0.05
34.00 694.00  0.05
34.00 695.00  0.05
34.00 696.00  0.05
34.00 697.00  0.05
34.00 698.00  0.05
34.00 699.00  0.05
34.00 700.00  0.05
34.00 701.00  0.05
34.00 702.00  0.05
34.00 703.00  0.05
34.00 704.00  0.05
34.00 705.00  0.05
34.00 706.00  0.05
34.00 707.00  0.05
34.00 708.00  0.05
34.00 709.00  0.05
34.00 710.00  0.05
34.00 711.00  0.05
34.00 712.00  0.05
34.00 713.00  0.05
34.00 714.00  0.05
34.00 715.00  0.05
34.00 716.00  0.05
34.00 717.00  0.05
34.00 718.00  0.05
34.00 719.00  0.05
34.00 720.00  0.05
34.00 721.00  0.05
34.00 722.00  0.05
34.00 723.00  0.05
34.00 724.00  0.05
34.00 725.00  0.05
34.00 726.00  0.05
34.00 727.00  0.05
34.00 728.00  0.05
34.00 729.00  0.05
34.00 730.00  0.05
34.00 731.00  0.05
34.00 732.00  0.05
34.00 733.00  0.05
34.00 734.00  0.05
34.00 735.00  0.05
34.00 736.00  0.05
34.00 737.00  0.05
34.00 738.00  0.05
34.00 739.00  0.05
34.00 740.00  0.05
34.00 741.00  0.05
34.00 742.00  0.05
34.00 743.00  0.05
34.00 744.00  0.05
34.00 745.00  0.05
34.00 746.00  0.05
34.00 747.00  0.05
34.00 748.00  0.05
34.00 749.00  0.05
34.00 750.00  0.05
34.00 751.00  0.05
34.00 752.00  0.05
34.00 753.00  0.05
34.00 754.00  0.05
34.00 755.00  0.05
34.00 756.00  0.05
34.00 757.00  0.05
34.00 758.00  0.05
34.00 759.00  0.04
34.00 760.00  0.05
34.00 761.00  0.07
34.00 762.00  0.09
34.00 763.00  0.13
34.00 764.00  0.26
34.00 765.00  0.41
34.00 766.00  0.48
34.00 767.00  0.53
34.00 768.00  0.54
34.00 769.00  0.53
34.00 770.00  0.50
34.00 771.00  0.48
34.00 772.00  0.46
34.00 773.00  0.44
34.00 774.00  0.42
34.00 775.00  0.40
34.00 776.00  0.37
34.00 777.00  0.35
34.00 778.00  0.33
34.00 779.00  0.31
34.00 780.00  0.28
34.00 781.00  0.26
34.00 782.00  0.15
34.00 783.00  0.04
34.00 784.00 -0.10
34.00 785.00 -0.28
34.00 786.00 -0.47
34.00 787.00 -0.68
34.00 788.00 -0.81
34.00 789.00 -0.87
34.00 790.00 -0.89
34.00 791.00  0.12
35.00 792.00  0.14
36.00 793.00  0.19
37.00 794.00  0.20
37.00 795.00  0.20
37.00 796.00  0.21
37.00 797.00  0.24
37.00 798.00  0.28
37.00 799.00  0.33
37.00 800.00  0.38
37.00 801.00  0.43
37.00 802.00  0.47
37.00 803.00  0.49
37.00 804.00  0.49
37.00 805.00  0.48
37.00 806.00  0.47
37.00 807.00  0.47
37.00 808.00  0.47
37.00 809.00  0.47
37.00 810.00  0.47
37.00 811.00  0.47
37.00 812.00  0.47
37.00 813.00  0.47
37.00 814.00  0.47
37.00 815.00  0.47
37.00 816.00  0.47
37.00 817.00  0.47
37.00 818.00  0.47
37.00 819.00  0.47
37.00 820.00  0.47
37.00 821.00  0.47
37.00 822.00  0.47
37.00 823.00  0.47
37.00 824.00  0.47
37.00 825.00  0.47
37.00 826.00  0.47
37.00 827.00  0.47
37.00 828.00  0.47
37.00 829.00  0.47
37.00 830.00  0.47
37.00 831.00  0.47
37.00 832.00  0.47
37.00 833.00  0.47
37.00 834.00  0.47
37.00 835.00  0.47
37.00 836.00  0.47
37.00 837.00  0.47
37.00 838.00  0.47
37.00 839.00  0.47
37.00 840.00  0.47
37.00 841.00  0.46
37.00 842.00  0.44
37.00 843.00  0.42
37.00 844.00  0.38
37.00 845.00  0.32
37.00 846.00  0.26
37.00 847.00  0.21
37.00 848.00  0.16
37.00 849.00  0.13
37.00 850.00  0.10
37.00 851.00  0.08
37.00 852.00  0.07
37.00 853.00  0.06
37.00 854.00  0.05
37.00 855.00  0.05
37.00 856.00  0.05
37.00 857.00  0.05
37.00 858.00  0.05
37.00 859.00  0.05
37.00 860.00  0.05
37.00 861.00  0.05
37.00 862.00  0.05
37.00 863.00  0.05
37.00 864.00  0.05
37.00 865.00  0.05
37.00 866.00  0.05
37.00 867.00  0.05
37.00 868.00  0.05
37.00 869.00  0.05
37.00 870.00  0.05
37.00 871.00  0.05
37.00 872.00  0.05
37.00 873.00  0.05
37.00 874.00  0.05
37.00 875.00  0.05
37.00 876.00  0.05
37.00 877.00  0.05
37.00 878.00  0.05
37.00 879.00  0.05
37.00 880.00  0.05
37.00 881.00  0.05
37.00 882.00  0.05
37.00 883.00  0.05
37.00 884.00  0.05
37.00 885.00  0.05
37.00 886.00  0.05
37.00 887.00  0.05
37.00 888.00  0.05
37.00 889.00  0.05
37.00 890.00  0.05
37.00 891.00  0.05
37.00 892.00  0.05
37.00 893.00  0.05
37.00 894.00  0.05
37.00 895.00  0.05
37.00 896.00  0.05
37.00 897.00  0.05
37.00 898.00  0.05
37.00 899.00  0.05
37.00 900.00  0.05
37.00 901.00  0.05
37.00 902.00  0.05
37.00 903.00  0.05
37.00 904.00  0.05
37.00 905.00  0.05
37.00 906.00  0.05
37.00 907.00  0.05
37.00 908.00  0.05
37.00 909.00  0.05
37.00 910.00  0.05
37.00 911.00  0.05
37.00 912.00  0.05
37.00 913.00  0.05
37.00 914.00  0.05
37.00 915.00  0.05
37.00 916.00  0.05
37.00 917.00  0.05
37.00 918.00  0.05
37.00 919.00  0.05
37.00 920.00  0.05
37.00 921.00  0.05
37.00 922.00  0.05
37.00 923.00  0.05
37.00 924.00  0.05
37.00 925.00  0.05
37.00 926.00  0.11
37.00 927.00  0.25
37.00 928.00  0.39
37.00 929.00  0.47
37.00 930.00  0.52
37.00 931.00  0.54
37.00 932.00  0.54
37.00 933.00  0.53
37.00 934.00  0.52
37.00 935.00  0.50
37.00 936.00  0.48
37.00 937.00  0.46
37.00 938.00  0.43
37.00 939.00  0.41
37.00 940.00  0.38
37.00 941.00  0.36
37.00 942.00  0.33
37.00 943.00  0.31
37.00 944.00  0.29
37.00 945.00  0.21
37.00 946.00  0.09
37.00 947.00 -0.05
37.00 948.00 -0.22
37.00 949.00 -0.39
37.00 950.00 -0.58
37.00 951.00 -0.74
37.00 952.00 -0.84
37.00 953.00 -0.88
37.00 954.00 -0.89
37.00 955.00  0.11
38.00 956.00  0.25
39.00 957.00  0.05
39.00 958.00  0.05
39.00 959.00  0.05
39.00 960.00  0.05
39.00 961.00  0.05
39.00 962.00  0.05
39.00 963.00  0.05
39.00 964.00  0.05
39.00 965.00  0.05
39.00 966.00  0.05
39.00 967.00  0.05
39.00 968.00  0.05
39.00 969.00  0.05
39.00 970.00  0.05
39.00 971.00  0.05
39.00 972.00  0.05
39.00 973.00  0.05
39.00 974.00  0.05
39.00 975.00  0.05
39.00 976.00  0.05
39.00 977.00  0.05
39.00 978.00  0.05
39.00 979.00  0.05
39.00 980.00  0.05
39.00 981.00  0.05
39.00 982.00  0.05
39.00 983.00  0.05
39.00 984.00  0.05
39.00 985.00  0.05
39.00 986.00  0.05
39.00 987.00  0.05
39.00 988.00  0.05
39.00 989.00  0.05
39.00 990.00  0.05
39.00 991.00  0.05
39.00 992.00  0.05
39.00 993.00  0.05
39.00 994.00  0.05
39.00 995.00  0.05
39.00 996.00  0.05
39.00 997.00  0.05
39.00 998.00  0.05
39.00 999.00  0.05
39.00 1000.00  0.05
39.00 1001.00  0.05
39.00 1002.00  0.05
39.00 1003.00  0.05
39.00 1004.00  0.05
39.00 1005.00  0.09
39.00 1006.00  0.21
39.00 1007.00  0.35
39.00 1008.00  0.45
39.00 1009.00  0.52
39.00 1010.00  0.54
39.00 1011.00  0.54
39.00 1012.00  0.51
39.00 1013.00  0.47
39.00 1014.00  0.43
39.00 1015.00  0.39
39.00 1016.00  0.33
39.00 1017.00  0.23
39.00 1018.00  0.09
39.00 1019.00 -0.12
39.00 1020.00 -0.34
39.00 1021.00 -0.53
39.00 1022.00 -0.70
39.00 1023.00 -0.80
39.00 1024.00 -0.86
39.00 1025.00 -0.88
39.00 1026.00  0.12
40.00 1027.00  0.38
41.00 1028.00  0.05
41.00 1029.00  0.05
41.00 1030.00  0.05
41.00 1031.00  0.05
41.00 1032.00  0.05
41.00 1033.00  0.05
41.00 1034.00  0.06
41.00 1035.00  0.09
41.00 1036.00  0.12
41.00 1037.00  0.17
41.00 1038.00  0.22
41.00 1039.00  0.27
41.00 1040.00  0.32
41.00 1041.00  0.38
41.00 1042.00  0.42
41.00 1043.00  0.46
41.00 1044.00  0.49
41.00 1045.00  0.51
41.00 1046.00  0.53
41.00 1047.00  0.54
41.00 1048.00  0.54
41.00 1049.00  0.04
42.00 1050.00  0.04
43.00 1051.00  0.04
44.00 1052.00  0.04
45.00 1053.00  0.04
45.00 1054.00  0.04
45.00 1055.00  0.04
45.00 1056.00  0.04
46.00 1057.00  0.04
47.00 1058.00  0.04
48.00 1059.00  0.04
49.00 1060.00  0.04
50.00 1061.00  0.04
51.00 1062.00  0.04
52.00 1063.00  0.04
53.00 1064.00  0.04
54.00 1065.00  0.04
55.00 1066.00  0.04
56.00 1067.00  0.04
57.00 1068.00  0.04
