0 185.5014949287184
1 0.19760613133102872
2 0.4859564519301422
3 4.009525177746749
4 0.44081384745137075
5 1217.5853572311155
6 1488.5345632615345
7 1485.6443950375942
8 1395.2978949761712
9 1517.1235569715486
10 1232.0248121003856
11 572.7436399630648
12 0.040590454025757707
13 0.040590454025757707
14 0.040590454025757707
15 0.040590454025757707
16 0.040590454025757707
17 0.040590454025757707
18 0.040590454025757707
19 0.040590454025757707
20 0.040590454025757707
21 0.040590454025757707
22 0.040590454025757707
23 0.040590454025757707
24 0.040590454025757707
25 0.040590454025757707
26 0.040590454025757707
27 0.040590454025757707
28 0.040590454025757707
29 0.12135580176148247
30 0.04059912600845544
31 0.16160814944105173
32 0.040642017599453725
33 0.16178268834336762
34 0.04069550952623763
35 0.1620009218166116
36 0.20247565419019847
37 0.32405828440768
38 0.041197965475560816
