 0.00  0.00 -0.00
 0.00  1.00 -0.00
 0.00  2.00 -0.00
 0.00  3.00 -0.00
 0.00  4.00 -0.00
 0.00  5.00 -0.00
 0.00  6.00 -0.00
 0.00  7.00 -0.00
 0.00  8.00 -0.00
 0.00  9.00 -0.00
 0.00 10.00 -0.00
 0.00 11.00 -0.00
 0.00 12.00 -0.00
 0.00 13.00 -0.00
 0.00 14.00 -0.00
 0.00 15.00 -0.00
 0.00 16.00  0.02
 0.00 17.00  0.36
 0.00 18.00  0.43
 0.00 19.00  0.47
 0.00 20.00  0.49
 0.00 21.00  0.48
 0.00 22.00  0.44
 0.00 23.00  0.41
 0.00 24.00  0.38
 0.00 25.00  0.35
 0.00 26.00  0.30
 0.00 27.00  0.26
 0.00 28.00  0.23
 0.00 29.00  0.19
 0.00 30.00  0.16
 0.00 31.00  0.13
 0.00 32.00  0.10
 0.00 33.00  0.05
 0.00 34.00  0.02
 0.00 35.00 -0.04
 0.00 36.00 -0.11
 0.00 37.00 -0.19
 0.00 38.00  0.18
 1.00 39.00  0.19
 2.00 40.00  0.19
 3.00 41.00  0.27
 4.00 42.00  0.04
 4.00 43.00  0.01
 4.00 44.00 -0.00
 4.00 45.00 -0.00
 4.00 46.00 -0.00
 4.00 47.00 -0.00
 4.00 48.00 -0.00
 4.00 49.00 -0.00
 4.00 50.00 -0.00
 4.00 51.00 -0.00
 4.00 52.00 -0.00
 4.00 53.00 -0.00
 4.00 54.00 -0.00
 4.00 55.00 -0.00
 4.00 56.00 -0.00
 4.00 57.00 -0.00
 4.00 58.00 -0.00
 4.00 59.00 -0.00
 4.00 60.00 -0.00
 4.00 61.00 -0.00
 4.00 62.00 -0.00
 4.00 63.00 -0.00
 4.00 64.00 -0.00
 4.00 65.00 -0.00
 4.00 66.00 -0.00
 4.00 67.00 -0.00
 4.00 68.00 -0.00
 4.00 69.00 -0.00
 4.00 70.00 -0.00
 4.00 71.00 -0.00
 4.00 72.00 -0.00
 4.00 73.00 -0.00
 4.00 74.00 -0.00
 4.00 75.00 -0.00
 4.00 76.00 -0.00
 4.00 77.00 -0.00
 4.00 78.00 -0.00
 4.00 79.00 -0.00
 4.00 80.00 -0.00
 4.00 81.00 -0.00
 4.00 82.00 -0.00
 4.00 83.00 -0.00
 4.00 84.00 -0.00
 4.00 85.00 -0.00
 4.00 86.00 -0.00
 4.00 87.00 -0.00
 4.00 88.00 -0.00
 4.00 89.00 -0.00
 4.00 90.00 -0.00
 4.00 91.00 -0.00
 4.00 92.00 -0.00
 4.00 93.00 -0.00
 4.00 94.00 -0.00
 4.00 95.00 -0.00
 4.00 96.00 -0.00
 4.00 97.00 -0.00
 4.00 98.00 -0.00
 4.00 99.00 -0.00
 4.00 100.00 -0.00
 4.00 101.00 -0.00
 4.00 102.00 -0.00
 4.00 103.00 -0.00
 4.00 104.00 -0.00
 4.00 105.00 -0.00
 4.00 106.00 -0.00
 4.00 107.00  0.00
 4.00 108.00  0.00
 4.00 109.00  0.00
 4.00 110.00  0.00
 4.00 111.00  0.00
 4.00 112.00  0.00
 4.00 113.00  0.00
 4.00 114.00  0.00
 4.00 115.00  0.00
 4.00 116.00  0.00
 4.00 117.00  0.00
 4.00 118.00  0.00
 4.00 119.00  0.00
 4.00 120.00  0.00
 4.00 121.00  0.00
 4.00 122.00  0.00
 4.00 123.00  0.00
 4.00 124.00  0.00
 4.00 125.00  0.00
 4.00 126.00  0.00
 4.00 127.00  0.00
 4.00 128.00  0.00
 4.00 129.00  0.00
 4.00 130.00  0.00
 4.00 131.00  0.00
 4.00 132.00  0.00
 4.00 133.00  0.00
 4.00 134.00  0.00
 4.00 135.00  0.00
 4.00 136.00  0.00
 4.00 137.00  0.00
 4.00 138.00  0.00
 4.00 139.00  0.00
 4.00 140.00  0.00
 4.00 141.00  0.00
 4.00 142.00  0.00
 4.00 143.00  0.00
 4.00 144.00  0.00
 4.00 145.00  0.00
 4.00 146.00  0.00
 4.00 147.00  0.00
 4.00 148.00  0.00
 4.00 149.00  0.00
 4.00 150.00  0.00
 4.00 151.00  0.00
 4.00 152.00  0.00
 4.00 153.00  0.00
 4.00 154.00  0.00
 4.00 155.00  0.00
 4.00 156.00  0.00
 4.00 157.00  0.00
 4.00 158.00  0.00
 4.00 159.00  0.00
 4.00 160.00  0.00
 4.00 161.00  0.00
 4.00 162.00  0.00
 4.00 163.00  0.00
 4.00 164.00  0.00
 4.00 165.00  0.00
 4.00 166.00  0.00
 4.00 167.00  0.00
 4.00 168.00  0.00
 4.00 169.00  0.00
 4.00 170.00  0.00
 4.00 171.00  0.00
 4.00 172.00  0.00
 4.00 173.00  0.00
 4.00 174.00  0.00
 4.00 175.00  0.00
 4.00 176.00  0.00
 4.00 177.00  0.00
 4.00 178.00  0.00
 4.00 179.00  0.00
 4.00 180.00  0.00
 4.00 181.00  0.00
 4.00 182.00  0.00
 4.00 183.00  0.00
 4.00 184.00  0.00
 4.00 185.00  0.00
 4.00 186.00  0.00
 4.00 187.00  0.00
 4.00 188.00  0.00
 4.00 189.00  0.00
 4.00 190.00  0.00
 4.00 191.00  0.00
 4.00 192.00  0.00
 4.00 193.00  0.00
 4.00 194.00  0.00
 4.00 195.00  0.00
 4.00 196.00  0.00
 4.00 197.00  0.00
 4.00 198.00  0.00
 4.00 199.00  0.00
 4.00 200.00  0.00
 4.00 201.00  0.00
 4.00 202.00  0.00
 4.00 203.00  0.00
 4.00 204.00  0.00
 4.00 205.00  0.00
 4.00 206.00  0.00
 4.00 207.00  0.00
 4.00 208.00  0.00
 4.00 209.00  0.00
 4.00 210.00  0.00
 4.00 211.00  0.00
 4.00 212.00  0.00
 4.00 213.00  0.00
 4.00 214.00  0.00
 4.00 215.00  0.00
 4.00 216.00  0.00
 4.00 217.00  0.00
 4.00 218.00  0.00
 4.00 219.00  0.00
 4.00 220.00  0.00
 4.00 221.00  0.00
 4.00 222.00  0.00
 4.00 223.00  0.00
 4.00 224.00  0.00
 4.00 225.00  0.00
 4.00 226.00  0.00
 4.00 227.00  0.00
 4.00 228.00  0.00
 4.00 229.00  0.00
 4.00 230.00  0.00
 4.00 231.00  0.00
 4.00 232.00  0.00
 4.00 233.00  0.00
 4.00 234.00  0.00
 4.00 235.00  0.00
 4.00 236.00  0.00
 4.00 237.00  0.00
 4.00 238.00  0.00
 4.00 239.00  0.00
 4.00 240.00  0.00
 4.00 241.00  0.00
 4.00 242.00  0.00
 4.00 243.00  0.00
 4.00 244.00  0.00
 4.00 245.00  0.00
 4.00 246.00  0.00
 4.00 247.00  0.00
 4.00 248.00  0.00
 4.00 249.00  0.00
 4.00 250.00  0.00
 4.00 251.00  0.00
 4.00 252.00  0.00
 4.00 253.00  0.00
 4.00 254.00  0.00
 4.00 255.00  0.00
 4.00 256.00  0.00
 4.00 257.00  0.00
 4.00 258.00  0.00
 4.00 259.00  0.00
 4.00 260.00  0.00
 4.00 261.00  0.00
 4.00 262.00  0.00
 4.00 263.00  0.00
 4.00 264.00  0.00
 4.00 265.00  0.00
 4.00 266.00  0.00
 4.00 267.00  0.00
 4.00 268.00  0.00
 4.00 269.00  0.00
 4.00 270.00  0.00
 4.00 271.00  0.00
 4.00 272.00  0.00
 4.00 273.00  0.00
 4.00 274.00  0.00
 4.00 275.00  0.00
 4.00 276.00  0.00
 4.00 277.00  0.00
 4.00 278.00  0.00
 4.00 279.00  0.00
 4.00 280.00  0.00
 4.00 281.00  0.00
 4.00 282.00  0.00
 4.00 283.00  0.00
 4.00 284.00  0.00
 4.00 285.00  0.00
 4.00 286.00  0.00
 4.00 287.00  0.00
 4.00 288.00  0.00
 4.00 289.00  0.00
 4.00 290.00  0.00
 4.00 291.00  0.00
 4.00 292.00  0.00
 4.00 293.00  0.00
 4.00 294.00  0.00
 4.00 295.00  0.00
 4.00 296.00  0.00
 4.00 297.00  0.00
 4.00 298.00  0.00
 4.00 299.00  0.00
 4.00 300.00  0.00
 4.00 301.00  0.00
 4.00 302.00  0.00
 4.00 303.00  0.00
 4.00 304.00  0.00
 4.00 305.00  0.00
 4.00 306.00  0.00
 4.00 307.00  0.00
 4.00 308.00  0.00
 4.00 309.00  0.00
 4.00 310.00  0.00
 4.00 311.00  0.00
 4.00 312.00  0.00
 4.00 313.00  0.00
 4.00 314.00  0.00
 4.00 315.00  0.00
 4.00 316.00  0.00
 4.00 317.00  0.00
 4.00 318.00  0.00
 4.00 319.00  0.00
 4.00 320.00  0.00
 4.00 321.00  0.00
 4.00 322.00  0.00
 4.00 323.00  0.00
 4.00 324.00  0.00
 4.00 325.00  0.00
 4.00 326.00  0.00
 4.00 327.00  0.00
 4.00 328.00  0.00
 4.00 329.00  0.00
 4.00 330.00  0.00
 4.00 331.00  0.00
 4.00 332.00  0.00
 4.00 333.00  0.00
 4.00 334.00  0.00
 4.00 335.00  0.00
 4.00 336.00  0.00
 4.00 337.00  0.00
 4.00 338.00  0.00
 4.00 339.00  0.00
 4.00 340.00  0.00
 4.00 341.00  0.00
 4.00 342.00  0.00
 4.00 343.00  0.00
 4.00 344.00  0.00
 4.00 345.00  0.00
 4.00 346.00  0.00
 4.00 347.00  0.00
 4.00 348.00  0.00
 4.00 349.00  0.00
 4.00 350.00  0.00
 4.00 351.00  0.00
 4.00 352.00  0.00
 4.00 353.00  0.00
 4.00 354.00  0.00
 4.00 355.00  0.00
 4.00 356.00  0.00
 4.00 357.00  0.00
 4.00 358.00  0.00
 4.00 359.00  0.00
 4.00 360.00  0.00
 4.00 361.00  0.00
 4.00 362.00  0.00
 4.00 363.00  0.00
 4.00 364.00  0.00
 4.00 365.00  0.00
 4.00 366.00  0.00
 4.00 367.00  0.00
 4.00 368.00  0.00
 4.00 369.00  0.00
 4.00 370.00  0.00
 4.00 371.00  0.00
 4.00 372.00  0.00
 4.00 373.00  0.00
 4.00 374.00  0.00
 4.00 375.00  0.00
 4.00 376.00  0.00
 4.00 377.00  0.00
 4.00 378.00  0.00
 4.00 379.00  0.00
 4.00 380.00  0.00
 4.00 381.00  0.00
 4.00 382.00  0.00
 4.00 383.00  0.00
 4.00 384.00  0.00
 4.00 385.00  0.00
 4.00 386.00  0.00
 4.00 387.00  0.00
 4.00 388.00  0.00
 4.00 389.00  0.00
 4.00 390.00  0.00
 4.00 391.00  0.00
 4.00 392.00  0.00
 4.00 393.00  0.00
 4.00 394.00  0.00
 4.00 395.00  0.00
 4.00 396.00  0.00
 4.00 397.00  0.00
 4.00 398.00  0.00
 4.00 399.00  0.00
 4.00 400.00  0.00
 4.00 401.00  0.00
 4.00 402.00  0.00
 4.00 403.00  0.00
 4.00 404.00  0.00
 4.00 405.00  0.00
 4.00 406.00  0.00
 4.00 407.00  0.00
 4.00 408.00  0.00
 4.00 409.00  0.00
 4.00 410.00  0.00
 4.00 411.00  0.00
 4.00 412.00  0.00
 4.00 413.00  0.00
 4.00 414.00  0.00
 4.00 415.00  0.00
 4.00 416.00  0.00
 4.00 417.00  0.00
 4.00 418.00  0.00
 4.00 419.00  0.00
 4.00 420.00  0.00
 4.00 421.00  0.00
 4.00 422.00  0.00
 4.00 423.00  0.00
 4.00 424.00  0.00
 4.00 425.00  0.00
 4.00 426.00  0.00
 4.00 427.00  0.00
 4.00 428.00  0.00
 4.00 429.00  0.00
 4.00 430.00  0.00
 4.00 431.00  0.00
 4.00 432.00  0.00
 4.00 433.00  0.00
 4.00 434.00  0.00
 4.00 435.00  0.00
 4.00 436.00  0.00
 4.00 437.00  0.00
 4.00 438.00  0.00
 4.00 439.00  0.00
 4.00 440.00  0.00
 4.00 441.00  0.00
 4.00 442.00  0.00
 4.00 443.00  0.00
 4.00 444.00  0.00
 4.00 445.00  0.00
 4.00 446.00  0.00
 4.00 447.00  0.00
 4.00 448.00  0.00
 4.00 449.00  0.00
 4.00 450.00  0.00
 4.00 451.00  0.00
 4.00 452.00  0.00
 4.00 453.00  0.00
 4.00 454.00  0.00
 4.00 455.00  0.00
 4.00 456.00  0.00
 4.00 457.00  0.00
 4.00 458.00  0.00
 4.00 459.00  0.00
 4.00 460.00  0.00
 4.00 461.00  0.00
 4.00 462.00  0.00
 4.00 463.00  0.00
 4.00 464.00  0.00
 4.00 465.00  0.00
 4.00 466.00  0.00
 4.00 467.00  0.00
 4.00 468.00  0.00
 4.00 469.00  0.00
 4.00 470.00  0.00
 4.00 471.00  0.00
 4.00 472.00  0.00
 4.00 473.00  0.00
 4.00 474.00  0.00
 4.00 475.00  0.00
 4.00 476.00  0.00
 4.00 477.00  0.00
 4.00 478.00  0.00
 4.00 479.00  0.00
 4.00 480.00  0.00
 4.00 481.00  0.00
 4.00 482.00  0.00
 4.00 483.00  0.00
 4.00 484.00  0.00
 4.00 485.00  0.00
 4.00 486.00  0.00
 4.00 487.00  0.00
 4.00 488.00  0.00
 4.00 489.00  0.00
 4.00 490.00  0.00
 4.00 491.00  0.00
 4.00 492.00  0.00
 4.00 493.00  0.00
 4.00 494.00  0.00
 4.00 495.00  0.00
 4.00 496.00  0.00
 4.00 497.00  0.00
 4.00 498.00  0.00
 4.00 499.00  0.00
 4.00 500.00  0.00
 4.00 501.00  0.00
 4.00 502.00  0.00
 4.00 503.00  0.00
 4.00 504.00  0.00
 4.00 505.00  0.00
 4.00 506.00  0.00
 4.00 507.00  0.00
 4.00 508.00  0.00
 4.00 509.00  0.00
 4.00 510.00  0.00
 4.00 511.00  0.00
 4.00 512.00  0.00
 4.00 513.00  0.00
 4.00 514.00  0.00
 4.00 515.00  0.00
 4.00 516.00  0.00
 4.00 517.00  0.00
 4.00 518.00  0.00
 4.00 519.00  0.00
 4.00 520.00  0.00
 4.00 521.00  0.00
 4.00 522.00  0.00
 4.00 523.00  0.00
 4.00 524.00  0.00
 4.00 525.00  0.00
 4.00 526.00  0.00
 4.00 527.00  0.00
 4.00 528.00  0.00
 4.00 529.00  0.00
 4.00 530.00  0.00
 4.00 531.00  0.00
 4.00 532.00  0.00
 4.00 533.00  0.00
 4.00 534.00  0.00
 4.00 535.00  0.00
 4.00 536.00  0.00
 4.00 537.00  0.00
 4.00 538.00  0.00
 4.00 539.00  0.00
 4.00 540.00  0.00
 4.00 541.00  0.00
 5.00 542.00  0.00
 5.00 543.00  0.00
 5.00 544.00  0.00
 5.00 545.00  0.00
 5.00 546.00  0.00
 5.00 547.00  0.00
 5.00 548.00  0.00
 5.00 549.00  0.00
 5.00 550.00  0.00
 5.00 551.00  0.00
 5.00 552.00  0.00
 5.00 553.00  0.00
 5.00 554.00  0.00
 5.00 555.00  0.00
 5.00 556.00  0.00
 5.00 557.00  0.00
 5.00 558.00  0.00
 5.00 559.00  0.00
 5.00 560.00  0.00
 5.00 561.00  0.00
 5.00 562.00  0.00
 5.00 563.00  0.00
 5.00 564.00  0.00
 5.00 565.00  0.00
 5.00 566.00  0.00
 5.00 567.00  0.00
 5.00 568.00  0.00
 5.00 569.00  0.00
 5.00 570.00  0.00
 5.00 571.00  0.00
 5.00 572.00  0.00
 5.00 573.00  0.00
 5.00 574.00  0.00
 5.00 575.00  0.00
 5.00 576.00  0.00
 5.00 577.00  0.00
 5.00 578.00  0.00
 5.00 579.00  0.00
 5.00 580.00  0.00
 5.00 581.00  0.00
 5.00 582.00  0.00
 5.00 583.00  0.00
 5.00 584.00  0.00
 5.00 585.00  0.00
 5.00 586.00  0.00
 5.00 587.00  0.00
 5.00 588.00  0.00
 5.00 589.00  0.00
 5.00 590.00  0.00
 5.00 591.00  0.00
 5.00 592.00  0.00
 5.00 593.00  0.00
 5.00 594.00  0.00
 5.00 595.00  0.00
 5.00 596.00  0.00
 5.00 597.00  0.00
 5.00 598.00  0.00
 5.00 599.00  0.00
 5.00 600.00  0.00
 5.00 601.00  0.00
 5.00 602.00  0.00
 5.00 603.00  0.00
 5.00 604.00  0.00
 5.00 605.00  0.00
 5.00 606.00  0.00
 5.00 607.00  0.00
 5.00 608.00  0.00
 5.00 609.00  0.00
 5.00 610.00  0.00
 5.00 611.00  0.00
 5.00 612.00  0.00
 5.00 613.00  0.00
 5.00 614.00  0.00
 5.00 615.00  0.00
 5.00 616.00  0.00
 5.00 617.00  0.00
 5.00 618.00  0.00
 5.00 619.00  0.00
 5.00 620.00  0.00
 5.00 621.00  0.00
 5.00 622.00  0.00
 5.00 623.00  0.00
 5.00 624.00  0.00
 5.00 625.00  0.00
 5.00 626.00  0.00
 5.00 627.00  0.00
 5.00 628.00  0.00
 5.00 629.00  0.00
 5.00 630.00  0.00
 5.00 631.00  0.00
 5.00 632.00  0.00
 5.00 633.00  0.00
 5.00 634.00  0.00
 5.00 635.00  0.00
 5.00 636.00  0.00
 5.00 637.00  0.00
 5.00 638.00  0.00
 5.00 639.00  0.00
 5.00 640.00  0.00
 5.00 641.00  0.00
 5.00 642.00  0.00
 5.00 643.00  0.00
 5.00 644.00  0.00
 5.00 645.00  0.00
 5.00 646.00  0.00
 5.00 647.00  0.00
 5.00 648.00  0.00
 5.00 649.00  0.00
 5.00 650.00  0.00
 5.00 651.00  0.00
 5.00 652.00  0.00
 5.00 653.00  0.00
 5.00 654.00  0.00
 5.00 655.00  0.00
 5.00 656.00  0.00
 5.00 657.00  0.00
 5.00 658.00  0.00
 5.00 659.00  0.00
 5.00 660.00  0.00
 5.00 661.00  0.00
 5.00 662.00  0.00
 5.00 663.00  0.00
 5.00 664.00  0.00
 5.00 665.00  0.00
 5.00 666.00  0.00
 5.00 667.00  0.00
 5.00 668.00  0.00
 5.00 669.00  0.00
 5.00 670.00  0.00
 5.00 671.00  0.00
 5.00 672.00  0.00
 5.00 673.00  0.00
 5.00 674.00  0.00
 5.00 675.00  0.00
 5.00 676.00  0.00
 5.00 677.00  0.00
 5.00 678.00  0.00
 5.00 679.00  0.00
 5.00 680.00  0.00
 5.00 681.00  0.00
 5.00 682.00  0.00
 5.00 683.00  0.00
 5.00 684.00  0.00
 5.00 685.00  0.00
 5.00 686.00  0.00
 5.00 687.00  0.00
 5.00 688.00  0.00
 5.00 689.00  0.00
 5.00 690.00  0.00
 5.00 691.00  0.00
 5.00 692.00  0.00
 5.00 693.00  0.00
 5.00 694.00  0.00
 5.00 695.00  0.00
 5.00 696.00  0.00
 5.00 697.00  0.00
 5.00 698.00  0.00
 5.00 699.00  0.00
 5.00 700.00  0.00
 5.00 701.00  0.00
 5.00 702.00  0.00
 5.00 703.00  0.00
 5.00 704.00  0.00
 5.00 705.00  0.00
 5.00 706.00  0.00
 5.00 707.00  0.00
 5.00 708.00  0.00
 5.00 709.00  0.00
 5.00 710.00  0.00
 5.00 711.00  0.00
 5.00 712.00  0.00
 5.00 713.00  0.00
 5.00 714.00  0.00
 5.00 715.00  0.00
 5.00 716.00  0.00
 5.00 717.00  0.00
 5.00 718.00  0.00
 5.00 719.00  0.00
 5.00 720.00  0.00
 5.00 721.00  0.00
 5.00 722.00  0.00
 5.00 723.00  0.00
 5.00 724.00  0.00
 5.00 725.00  0.00
 5.00 726.00  0.00
 5.00 727.00  0.00
 5.00 728.00  0.00
 5.00 729.00  0.00
 5.00 730.00  0.00
 5.00 731.00  0.00
 5.00 732.00  0.00
 5.00 733.00  0.00
 5.00 734.00  0.00
 5.00 735.00  0.00
 5.00 736.00  0.00
 5.00 737.00  0.00
 5.00 738.00  0.00
 5.00 739.00  0.00
 5.00 740.00  0.00
 5.00 741.00  0.00
 5.00 742.00  0.00
 5.00 743.00  0.00
 5.00 744.00  0.00
 5.00 745.00  0.00
 5.00 746.00  0.00
 5.00 747.00  0.00
 5.00 748.00  0.00
 5.00 749.00  0.00
 5.00 750.00  0.00
 5.00 751.00  0.00
 5.00 752.00  0.00
 5.00 753.00  0.00
 5.00 754.00  0.00
 5.00 755.00  0.00
 5.00 756.00  0.00
 5.00 757.00  0.00
 5.00 758.00  0.00
 5.00 759.00  0.00
 5.00 760.00  0.00
 5.00 761.00  0.00
 5.00 762.00  0.00
 5.00 763.00  0.00
 5.00 764.00  0.00
 5.00 765.00  0.00
 5.00 766.00  0.00
 5.00 767.00  0.00
 5.00 768.00  0.00
 5.00 769.00  0.00
 5.00 770.00  0.00
 5.00 771.00  0.00
 5.00 772.00  0.00
 5.00 773.00  0.00
 5.00 774.00  0.00
 5.00 775.00  0.00
 5.00 776.00  0.00
 5.00 777.00  0.00
 5.00 778.00  0.00
 5.00 779.00  0.00
 5.00 780.00  0.00
 5.00 781.00  0.00
 5.00 782.00  0.00
 5.00 783.00  0.00
 5.00 784.00  0.00
 5.00 785.00  0.00
 5.00 786.00  0.00
 5.00 787.00  0.00
 5.00 788.00  0.00
 5.00 789.00  0.00
 5.00 790.00  0.00
 5.00 791.00  0.00
 5.00 792.00  0.00
 5.00 793.00  0.00
 5.00 794.00  0.00
 5.00 795.00  0.00
 5.00 796.00  0.00
 5.00 797.00  0.00
 5.00 798.00  0.00
 5.00 799.00  0.00
 5.00 800.00  0.00
 5.00 801.00  0.00
 5.00 802.00  0.00
 5.00 803.00  0.00
 5.00 804.00  0.00
 5.00 805.00  0.00
 5.00 806.00  0.00
 5.00 807.00  0.00
 5.00 808.00  0.00
 5.00 809.00  0.00
 5.00 810.00  0.00
 5.00 811.00  0.00
 5.00 812.00  0.00
 5.00 813.00  0.00
 5.00 814.00  0.00
 5.00 815.00  0.00
 5.00 816.00  0.00
 5.00 817.00  0.00
 5.00 818.00  0.00
 5.00 819.00  0.00
 5.00 820.00  0.00
 5.00 821.00  0.00
 5.00 822.00  0.00
 5.00 823.00  0.00
 5.00 824.00  0.00
 5.00 825.00  0.00
 5.00 826.00  0.00
 5.00 827.00  0.00
 5.00 828.00  0.00
 5.00 829.00  0.00
 5.00 830.00  0.00
 5.00 831.00  0.00
 5.00 832.00  0.00
 5.00 833.00  0.00
 5.00 834.00  0.00
 5.00 835.00  0.00
 5.00 836.00  0.00
 5.00 837.00  0.00
 5.00 838.00  0.00
 5.00 839.00  0.00
 5.00 840.00  0.00
