 0.00  0.00 -0.00
 0.00  1.00 -0.00
 0.00  2.00 -0.00
 0.00  3.00 -0.00
 0.00  4.00 -0.00
 0.00  5.00 -0.00
 0.00  6.00 -0.00
 0.00  7.00 -0.00
 0.00  8.00 -0.00
 0.00  9.00 -0.00
 0.00 10.00 -0.00
 0.00 11.00 -0.00
 0.00 12.00 -0.00
 0.00 13.00 -0.00
 0.00 14.00 -0.00
 0.00 15.00 -0.00
 0.00 16.00 -0.00
 0.00 17.00 -0.00
 0.00 18.00 -0.00
 0.00 19.00 -0.00
 0.00 20.00 -0.00
 0.00 21.00 -0.00
 0.00 22.00 -0.00
 0.00 23.00 -0.00
 0.00 24.00 -0.00
 0.00 25.00 -0.00
 0.00 26.00 -0.00
 0.00 27.00 -0.00
 0.00 28.00 -0.00
 0.00 29.00 -0.00
 0.00 30.00 -0.00
 0.00 31.00 -0.00
 0.00 32.00 -0.00
 0.00 33.00 -0.00
 0.00 34.00 -0.00
 0.00 35.00 -0.00
 0.00 36.00 -0.00
 0.00 37.00 -0.00
 0.00 38.00 -0.00
 0.00 39.00 -0.00
 0.00 40.00 -0.00
 0.00 41.00 -0.00
 0.00 42.00 -0.00
 0.00 43.00 -0.00
 0.00 44.00 -0.00
 0.00 45.00 -0.00
 0.00 46.00 -0.00
 0.00 47.00 -0.00
 0.00 48.00 -0.00
 0.00 49.00 -0.00
 0.00 50.00 -0.00
 0.00 51.00 -0.00
 0.00 52.00 -0.00
 0.00 53.00 -0.00
 0.00 54.00 -0.00
 0.00 55.00 -0.00
 0.00 56.00 -0.00
 0.00 57.00 -0.00
 0.00 58.00 -0.00
 0.00 59.00 -0.00
 0.00 60.00 -0.00
 0.00 61.00 -0.00
 0.00 62.00 -0.00
 0.00 63.00 -0.00
 0.00 64.00 -0.00
 0.00 65.00 -0.00
 0.00 66.00 -0.00
 0.00 67.00 -0.00
 0.00 68.00 -0.00
 0.00 69.00 -0.00
 0.00 70.00 -0.00
 0.00 71.00 -0.00
 0.00 72.00 -0.00
 0.00 73.00 -0.00
 0.00 74.00 -0.00
 0.00 75.00 -0.00
 0.00 76.00 -0.00
 0.00 77.00 -0.00
 0.00 78.00 -0.00
 0.00 79.00 -0.00
 0.00 80.00 -0.00
 0.00 81.00 -0.00
 0.00 82.00 -0.00
 0.00 83.00 -0.00
 0.00 84.00 -0.00
 0.00 85.00 -0.00
 0.00 86.00 -0.00
 0.00 87.00 -0.00
 0.00 88.00 -0.00
 0.00 89.00 -0.00
 0.00 90.00 -0.00
 0.00 91.00 -0.00
 0.00 92.00 -0.00
 0.00 93.00 -0.00
 0.00 94.00 -0.00
 0.00 95.00 -0.00
 0.00 96.00 -0.00
 0.00 97.00 -0.00
 0.00 98.00 -0.00
 0.00 99.00 -0.00
 0.00 100.00 -0.00
 0.00 101.00 -0.00
 0.00 102.00 -0.00
 0.00 103.00 -0.00
 0.00 104.00 -0.00
 0.00 105.00 -0.00
 0.00 106.00 -0.00
 0.00 107.00 -0.00
 0.00 108.00 -0.00
 0.00 109.00 -0.00
 0.00 110.00 -0.00
 0.00 111.00 -0.00
 0.00 112.00 -0.00
 0.00 113.00 -0.00
 0.00 114.00 -0.00
 0.00 115.00 -0.00
 0.00 116.00 -0.00
 0.00 117.00 -0.00
 0.00 118.00 -0.00
 0.00 119.00 -0.00
 0.00 120.00 -0.00
 0.00 121.00 -0.00
 0.00 122.00 -0.00
 0.00 123.00 -0.00
 0.00 124.00  0.00
 0.00 125.00  0.00
 0.00 126.00  0.00
 0.00 127.00  0.00
 0.00 128.00  0.00
 0.00 129.00  0.00
 0.00 130.00  0.00
 0.00 131.00  0.00
 0.00 132.00  0.00
 0.00 133.00  0.00
 0.00 134.00  0.00
 0.00 135.00  0.00
 0.00 136.00  0.00
 0.00 137.00  0.00
 0.00 138.00  0.00
 0.00 139.00  0.00
 0.00 140.00  0.00
 0.00 141.00  0.00
 0.00 142.00  0.00
 0.00 143.00  0.00
 0.00 144.00  0.00
 0.00 145.00  0.00
 0.00 146.00  0.00
 0.00 147.00  0.00
 0.00 148.00  0.00
 0.00 149.00  0.00
 0.00 150.00  0.00
 0.00 151.00  0.00
 0.00 152.00  0.00
 0.00 153.00  0.00
 0.00 154.00  0.00
 0.00 155.00  0.00
 0.00 156.00  0.00
 0.00 157.00  0.00
 0.00 158.00  0.00
 0.00 159.00  0.00
 0.00 160.00  0.00
 0.00 161.00  0.00
 0.00 162.00  0.00
 0.00 163.00  0.00
 0.00 164.00  0.00
 0.00 165.00  0.00
 0.00 166.00  0.00
 0.00 167.00  0.00
 0.00 168.00  0.00
 0.00 169.00  0.00
 0.00 170.00  0.00
 0.00 171.00  0.00
 0.00 172.00  0.00
 0.00 173.00  0.00
 0.00 174.00  0.00
 0.00 175.00  0.00
 0.00 176.00  0.00
 0.00 177.00  0.00
 0.00 178.00  0.00
 0.00 179.00  0.00
 0.00 180.00  0.00
 0.00 181.00  0.00
 0.00 182.00  0.00
 0.00 183.00  0.00
 0.00 184.00  0.00
 0.00 185.00  0.00
 0.00 186.00  0.00
 0.00 187.00  0.00
 0.00 188.00  0.00
 0.00 189.00  0.00
 0.00 190.00  0.00
 0.00 191.00  0.00
 0.00 192.00  0.00
 0.00 193.00  0.00
 0.00 194.00  0.00
 0.00 195.00  0.00
 0.00 196.00  0.00
 0.00 197.00  0.00
 0.00 198.00  0.00
 0.00 199.00  0.00
 0.00 200.00  0.00
 0.00 201.00  0.00
 0.00 202.00  0.01
 0.00 203.00  0.01
 0.00 204.00  0.01
 0.00 205.00  0.01
 0.00 206.00  0.01
 0.00 207.00  0.02
 0.00 208.00  0.02
 0.00 209.00  0.02
 0.00 210.00  0.03
 0.00 211.00  0.03
 0.00 212.00  0.03
 0.00 213.00  0.03
 0.00 214.00  0.03
 0.00 215.00  0.04
 0.00 216.00  0.04
 0.00 217.00  0.05
 0.00 218.00  0.06
 0.00 219.00  0.07
 0.00 220.00  0.08
 0.00 221.00  0.09
 0.00 222.00  0.11
 0.00 223.00  0.12
 0.00 224.00  0.13
 0.00 225.00  0.13
 0.00 226.00  0.14
 0.00 227.00  0.15
 0.00 228.00  0.15
 0.00 229.00  0.16
 0.00 230.00  0.16
 0.00 231.00  0.17
 0.00 232.00  0.17
 0.00 233.00  0.18
 0.00 234.00  0.18
 0.00 235.00  0.19
 0.00 236.00  0.20
 0.00 237.00  0.20
 0.00 238.00  0.21
 0.00 239.00  0.22
 0.00 240.00  0.23
 0.00 241.00  0.25
 0.00 242.00  0.26
 0.00 243.00  0.28
 0.00 244.00  0.29
 0.00 245.00  0.30
 0.00 246.00  0.31
 0.00 247.00  0.33
 0.00 248.00  0.34
 0.00 249.00  0.36
 0.00 250.00  0.38
 0.00 251.00  0.40
 0.00 252.00  0.43
 0.00 253.00  0.45
 0.00 254.00  0.46
 0.00 255.00  0.47
 0.00 256.00  0.48
 0.00 257.00  0.48
 0.00 258.00  0.49
 0.00 259.00  0.49
 0.00 260.00  0.49
 0.00 261.00  0.50
 0.00 262.00  0.50
 0.00 263.00  0.50
 0.00 264.00  0.50
 0.00 265.00  0.50
 0.00 266.00  0.49
 0.00 267.00  0.49
 0.00 268.00  0.49
 0.00 269.00  0.48
 0.00 270.00  0.48
 0.00 271.00  0.47
 0.00 272.00  0.46
 0.00 273.00  0.45
 0.00 274.00  0.44
 0.00 275.00  0.43
 0.00 276.00  0.42
 0.00 277.00  0.41
 0.00 278.00  0.40
 0.00 279.00  0.38
 0.00 280.00  0.37
 0.00 281.00  0.36
 0.00 282.00  0.34
 0.00 283.00  0.32
 0.00 284.00  0.29
 0.00 285.00  0.26
 0.00 286.00  0.22
 0.00 287.00  0.05
 0.00 288.00 -0.07
 0.00 289.00 -0.13
 0.00 290.00 -0.22
 0.00 291.00 -0.33
 0.00 292.00 -0.37
 0.00 293.00 -0.45
 0.00 294.00 -0.60
 0.00 295.00 -0.75
 0.00 296.00 -0.85
 0.00 297.00 -0.91
 0.00 298.00  0.10
 1.00 299.00  0.35
 2.00 300.00  0.01
 2.00 301.00  0.00
 2.00 302.00  0.00
 2.00 303.00 -0.00
 2.00 304.00 -0.00
 2.00 305.00 -0.00
 2.00 306.00 -0.00
 2.00 307.00 -0.00
 2.00 308.00 -0.00
 2.00 309.00 -0.00
 2.00 310.00 -0.00
 2.00 311.00 -0.00
 2.00 312.00 -0.00
 2.00 313.00 -0.00
 2.00 314.00 -0.00
 2.00 315.00  0.26
 2.00 316.00  0.37
 2.00 317.00  0.45
 2.00 318.00  0.49
 2.00 319.00  0.47
 2.00 320.00  0.42
 2.00 321.00  0.36
 2.00 322.00  0.27
 2.00 323.00  0.13
 2.00 324.00 -0.04
 2.00 325.00 -0.22
 2.00 326.00 -0.42
 2.00 327.00 -0.61
 2.00 328.00 -0.79
 2.00 329.00 -0.90
