 0.00  0.00 -0.00
 0.00  1.00 -0.00
 0.00  2.00 -0.00
 0.00  3.00 -0.00
 0.00  4.00 -0.00
 0.00  5.00 -0.00
 0.00  6.00 -0.00
 0.00  7.00 -0.00
 0.00  8.00 -0.00
 0.00  9.00 -0.00
 0.00 10.00 -0.00
 0.00 11.00 -0.00
 0.00 12.00 -0.00
 0.00 13.00 -0.00
 0.00 14.00 -0.00
 0.00 15.00 -0.00
 0.00 16.00 -0.00
 0.00 17.00 -0.00
 0.00 18.00 -0.00
 0.00 19.00 -0.00
 0.00 20.00 -0.00
 0.00 21.00 -0.00
 0.00 22.00 -0.00
 0.00 23.00 -0.00
 0.00 24.00 -0.00
 0.00 25.00 -0.00
 0.00 26.00 -0.00
 0.00 27.00 -0.00
 0.00 28.00 -0.00
 0.00 29.00 -0.00
 0.00 30.00 -0.00
 0.00 31.00 -0.00
 0.00 32.00 -0.00
 0.00 33.00 -0.00
 0.00 34.00 -0.00
 0.00 35.00 -0.00
 0.00 36.00 -0.00
 0.00 37.00 -0.00
 0.00 38.00 -0.00
 0.00 39.00 -0.00
 0.00 40.00 -0.00
 0.00 41.00 -0.00
 0.00 42.00 -0.00
 0.00 43.00 -0.00
 0.00 44.00 -0.00
 0.00 45.00 -0.00
 0.00 46.00 -0.00
 0.00 47.00 -0.00
 0.00 48.00 -0.00
 0.00 49.00 -0.00
 0.00 50.00 -0.00
 0.00 51.00 -0.00
 0.00 52.00 -0.00
 0.00 53.00 -0.00
 0.00 54.00 -0.00
 0.00 55.00 -0.00
 0.00 56.00 -0.00
 0.00 57.00 -0.00
 0.00 58.00 -0.00
 0.00 59.00 -0.00
 0.00 60.00 -0.00
 0.00 61.00 -0.00
 0.00 62.00 -0.00
 0.00 63.00 -0.00
 0.00 64.00 -0.00
 0.00 65.00 -0.00
 0.00 66.00 -0.00
 0.00 67.00 -0.00
 0.00 68.00 -0.00
 0.00 69.00 -0.00
 0.00 70.00 -0.00
 0.00 71.00 -0.00
 0.00 72.00  0.27
 0.00 73.00  0.36
 0.00 74.00  0.37
 0.00 75.00  0.38
 0.00 76.00  0.42
 0.00 77.00  0.44
 0.00 78.00  0.47
 0.00 79.00  0.49
 0.00 80.00  0.50
 0.00 81.00  0.50
 0.00 82.00  0.50
 0.00 83.00  0.49
 0.00 84.00  0.49
 0.00 85.00  0.49
 0.00 86.00  0.49
 0.00 87.00  0.50
 0.00 88.00  0.49
 0.00 89.00  0.48
 0.00 90.00  0.47
 0.00 91.00  0.46
 0.00 92.00  0.44
 0.00 93.00  0.42
 0.00 94.00  0.40
 0.00 95.00  0.38
 0.00 96.00  0.36
 0.00 97.00  0.33
 0.00 98.00  0.31
 0.00 99.00  0.29
 0.00 100.00  0.27
 0.00 101.00  0.25
 0.00 102.00  0.24
 0.00 103.00  0.23
 0.00 104.00  0.22
 0.00 105.00  0.21
 0.00 106.00  0.10
 0.00 107.00  0.01
 0.00 108.00 -0.10
 0.00 109.00 -0.23
 0.00 110.00 -0.37
 0.00 111.00 -0.52
 0.00 112.00 -0.68
 0.00 113.00 -0.85
 0.00 114.00 -0.91
 0.00 115.00  0.08
 1.00 116.00  0.05
 1.00 117.00 -0.00
 1.00 118.00 -0.00
 1.00 119.00 -0.00
 1.00 120.00 -0.00
 1.00 121.00 -0.00
 1.00 122.00 -0.00
 1.00 123.00 -0.00
 1.00 124.00 -0.00
 1.00 125.00 -0.00
 1.00 126.00 -0.00
 1.00 127.00 -0.00
 1.00 128.00 -0.00
 1.00 129.00 -0.00
 1.00 130.00 -0.00
 1.00 131.00 -0.00
 1.00 132.00 -0.00
 1.00 133.00 -0.00
 1.00 134.00 -0.00
 1.00 135.00 -0.00
 1.00 136.00 -0.00
 1.00 137.00 -0.00
 1.00 138.00 -0.00
 1.00 139.00 -0.00
 1.00 140.00 -0.00
 1.00 141.00 -0.00
 1.00 142.00 -0.00
 1.00 143.00 -0.00
 1.00 144.00 -0.00
 1.00 145.00 -0.00
 1.00 146.00 -0.00
 1.00 147.00 -0.00
 1.00 148.00 -0.00
 1.00 149.00 -0.00
 1.00 150.00 -0.00
 1.00 151.00 -0.00
 1.00 152.00 -0.00
 1.00 153.00 -0.00
 1.00 154.00 -0.00
 1.00 155.00 -0.00
 1.00 156.00 -0.00
 1.00 157.00 -0.00
 1.00 158.00 -0.00
 1.00 159.00 -0.00
 1.00 160.00 -0.00
 1.00 161.00 -0.00
 1.00 162.00 -0.00
 1.00 163.00 -0.00
 1.00 164.00 -0.00
 1.00 165.00 -0.00
 1.00 166.00 -0.00
 1.00 167.00 -0.00
 1.00 168.00 -0.00
 1.00 169.00 -0.00
 1.00 170.00 -0.00
 1.00 171.00 -0.00
 1.00 172.00 -0.00
 1.00 173.00  0.00
 1.00 174.00  0.00
 1.00 175.00  0.00
 1.00 176.00  0.00
 1.00 177.00  0.00
 1.00 178.00  0.00
 1.00 179.00  0.00
 1.00 180.00  0.00
 1.00 181.00  0.00
 1.00 182.00  0.00
 1.00 183.00  0.00
 1.00 184.00  0.00
 1.00 185.00  0.00
 1.00 186.00  0.00
 1.00 187.00  0.00
 1.00 188.00  0.00
 1.00 189.00  0.00
 1.00 190.00  0.00
 1.00 191.00  0.00
 1.00 192.00  0.00
 1.00 193.00  0.00
 1.00 194.00  0.00
 1.00 195.00  0.00
 1.00 196.00  0.00
 1.00 197.00  0.00
 1.00 198.00  0.00
 1.00 199.00  0.00
 1.00 200.00  0.00
 1.00 201.00  0.00
 1.00 202.00  0.00
 1.00 203.00  0.00
 1.00 204.00  0.00
 1.00 205.00  0.00
 1.00 206.00  0.00
 1.00 207.00  0.00
 1.00 208.00  0.00
 1.00 209.00  0.00
 1.00 210.00  0.00
 1.00 211.00  0.00
 1.00 212.00  0.00
 1.00 213.00  0.00
 1.00 214.00  0.00
 1.00 215.00  0.00
 1.00 216.00  0.00
 1.00 217.00  0.00
 1.00 218.00  0.00
 1.00 219.00  0.00
 1.00 220.00  0.00
 1.00 221.00  0.00
 1.00 222.00  0.00
 1.00 223.00  0.00
 1.00 224.00  0.00
 1.00 225.00  0.00
 1.00 226.00  0.00
 1.00 227.00  0.00
 1.00 228.00  0.00
 1.00 229.00  0.00
 1.00 230.00  0.00
 1.00 231.00  0.00
 1.00 232.00  0.00
 1.00 233.00  0.00
 1.00 234.00  0.00
 1.00 235.00  0.00
 1.00 236.00  0.00
 1.00 237.00  0.00
 1.00 238.00  0.00
 1.00 239.00  0.00
 1.00 240.00  0.00
 1.00 241.00  0.00
 1.00 242.00  0.00
 1.00 243.00  0.00
 1.00 244.00  0.00
 1.00 245.00  0.00
 1.00 246.00  0.00
 1.00 247.00  0.00
 1.00 248.00  0.00
 1.00 249.00  0.00
 1.00 250.00  0.00
 1.00 251.00  0.00
 1.00 252.00  0.00
 1.00 253.00  0.00
 1.00 254.00  0.00
 1.00 255.00  0.00
 1.00 256.00  0.00
 1.00 257.00  0.00
 1.00 258.00  0.00
 1.00 259.00  0.00
 1.00 260.00  0.00
 1.00 261.00  0.00
 1.00 262.00  0.00
 1.00 263.00  0.00
 1.00 264.00  0.00
 1.00 265.00  0.00
 1.00 266.00  0.00
 1.00 267.00  0.00
 1.00 268.00  0.00
 1.00 269.00  0.00
 1.00 270.00  0.00
 1.00 271.00  0.00
 1.00 272.00  0.00
 1.00 273.00  0.00
 1.00 274.00  0.00
 1.00 275.00  0.00
 1.00 276.00  0.00
 1.00 277.00  0.00
 1.00 278.00  0.00
 1.00 279.00  0.00
 1.00 280.00  0.00
 1.00 281.00  0.00
 1.00 282.00  0.00
 1.00 283.00  0.00
 1.00 284.00  0.00
 1.00 285.00  0.00
 1.00 286.00  0.00
 1.00 287.00  0.00
 1.00 288.00  0.00
 1.00 289.00  0.00
 1.00 290.00  0.00
 1.00 291.00  0.00
 1.00 292.00  0.00
 1.00 293.00  0.00
 1.00 294.00  0.00
 1.00 295.00  0.00
 1.00 296.00  0.00
 1.00 297.00  0.00
 1.00 298.00  0.00
 1.00 299.00  0.00
 1.00 300.00  0.00
 1.00 301.00  0.00
 1.00 302.00  0.00
 1.00 303.00  0.00
 1.00 304.00  0.00
 1.00 305.00  0.00
 1.00 306.00  0.00
 1.00 307.00  0.00
 1.00 308.00  0.00
 1.00 309.00  0.00
 1.00 310.00  0.00
 1.00 311.00  0.00
 1.00 312.00  0.00
 1.00 313.00  0.00
 1.00 314.00  0.00
 1.00 315.00  0.00
 1.00 316.00  0.00
 1.00 317.00  0.00
 1.00 318.00  0.00
 1.00 319.00  0.00
 1.00 320.00  0.00
 1.00 321.00  0.00
 1.00 322.00  0.00
 1.00 323.00  0.00
 1.00 324.00  0.00
 1.00 325.00  0.00
 1.00 326.00  0.00
 1.00 327.00  0.00
 1.00 328.00  0.00
 1.00 329.00  0.00
 1.00 330.00  0.00
 1.00 331.00  0.00
 1.00 332.00  0.00
 1.00 333.00  0.00
 1.00 334.00  0.00
 1.00 335.00  0.00
 1.00 336.00  0.00
 1.00 337.00  0.00
 1.00 338.00  0.00
 1.00 339.00  0.00
 1.00 340.00  0.00
 1.00 341.00  0.00
 1.00 342.00  0.00
 1.00 343.00  0.00
 1.00 344.00  0.00
 1.00 345.00  0.00
 1.00 346.00  0.00
 1.00 347.00  0.00
 1.00 348.00  0.00
 1.00 349.00  0.00
 1.00 350.00  0.00
 1.00 351.00  0.00
 1.00 352.00  0.00
 1.00 353.00  0.00
 1.00 354.00  0.00
 1.00 355.00  0.00
 1.00 356.00  0.00
 1.00 357.00  0.00
 1.00 358.00  0.00
 1.00 359.00  0.00
 1.00 360.00  0.00
 1.00 361.00  0.00
 1.00 362.00  0.00
 1.00 363.00  0.00
 1.00 364.00  0.00
 1.00 365.00  0.00
 1.00 366.00  0.00
 1.00 367.00  0.00
 1.00 368.00  0.00
 1.00 369.00  0.00
 1.00 370.00  0.00
 1.00 371.00  0.00
 1.00 372.00  0.00
 1.00 373.00  0.00
 1.00 374.00  0.00
 1.00 375.00  0.00
 1.00 376.00  0.00
 1.00 377.00  0.00
 1.00 378.00  0.00
 1.00 379.00  0.00
 1.00 380.00  0.00
 1.00 381.00  0.00
 1.00 382.00  0.00
 1.00 383.00  0.00
 1.00 384.00  0.00
 1.00 385.00  0.00
 1.00 386.00  0.00
 1.00 387.00  0.00
 1.00 388.00  0.00
 1.00 389.00  0.00
 1.00 390.00  0.00
 1.00 391.00  0.00
 1.00 392.00  0.00
 1.00 393.00  0.00
 1.00 394.00  0.00
 1.00 395.00  0.00
 1.00 396.00  0.00
 1.00 397.00  0.00
 1.00 398.00  0.00
 1.00 399.00  0.00
 1.00 400.00  0.00
 1.00 401.00  0.00
 1.00 402.00  0.00
 1.00 403.00  0.00
 1.00 404.00  0.00
 1.00 405.00  0.00
 1.00 406.00  0.00
 1.00 407.00  0.00
 1.00 408.00  0.00
 1.00 409.00  0.00
 1.00 410.00  0.00
 1.00 411.00  0.00
 1.00 412.00  0.00
 1.00 413.00  0.00
 1.00 414.00  0.00
 1.00 415.00  0.00
 2.00 416.00  0.00
 2.00 417.00  0.00
 2.00 418.00  0.00
 2.00 419.00  0.00
 2.00 420.00  0.00
 2.00 421.00  0.00
 2.00 422.00  0.00
 2.00 423.00  0.00
 2.00 424.00  0.00
 2.00 425.00  0.00
 2.00 426.00  0.00
 2.00 427.00  0.00
 2.00 428.00  0.00
 2.00 429.00  0.00
 2.00 430.00  0.00
 2.00 431.00  0.00
 2.00 432.00  0.00
 2.00 433.00  0.00
 2.00 434.00  0.00
 2.00 435.00  0.00
 2.00 436.00  0.00
 2.00 437.00  0.00
 2.00 438.00  0.00
 2.00 439.00  0.00
 2.00 440.00  0.00
 2.00 441.00  0.00
 2.00 442.00  0.00
 2.00 443.00  0.00
 2.00 444.00  0.00
 2.00 445.00  0.00
 2.00 446.00  0.00
 2.00 447.00  0.00
 2.00 448.00  0.00
 2.00 449.00  0.00
 2.00 450.00  0.00
 2.00 451.00  0.00
 2.00 452.00  0.00
 2.00 453.00  0.00
 2.00 454.00  0.00
 2.00 455.00  0.00
 2.00 456.00  0.00
 2.00 457.00  0.00
 2.00 458.00  0.00
 2.00 459.00  0.00
 2.00 460.00  0.00
 2.00 461.00  0.00
 2.00 462.00  0.00
 2.00 463.00  0.00
 2.00 464.00  0.00
 2.00 465.00  0.00
 2.00 466.00  0.00
 2.00 467.00  0.00
 2.00 468.00  0.00
 2.00 469.00  0.00
 2.00 470.00  0.00
 2.00 471.00  0.00
 2.00 472.00  0.00
 2.00 473.00  0.00
 2.00 474.00  0.00
 2.00 475.00  0.00
 2.00 476.00  0.00
 2.00 477.00  0.00
 2.00 478.00  0.00
 2.00 479.00  0.00
 2.00 480.00  0.00
 2.00 481.00  0.00
 2.00 482.00  0.00
 2.00 483.00  0.00
 2.00 484.00  0.00
 2.00 485.00  0.00
 2.00 486.00  0.00
 2.00 487.00  0.00
 2.00 488.00  0.00
 2.00 489.00  0.00
 2.00 490.00  0.00
 2.00 491.00  0.00
 2.00 492.00  0.00
 2.00 493.00  0.00
 2.00 494.00  0.00
 2.00 495.00  0.00
 2.00 496.00  0.00
 2.00 497.00  0.00
 2.00 498.00  0.00
 2.00 499.00  0.00
 2.00 500.00  0.00
 2.00 501.00  0.00
 2.00 502.00  0.00
 2.00 503.00  0.00
 2.00 504.00  0.00
 2.00 505.00  0.00
 2.00 506.00  0.00
 2.00 507.00  0.00
 2.00 508.00  0.00
 2.00 509.00  0.00
 2.00 510.00  0.00
 2.00 511.00  0.00
 2.00 512.00  0.00
 2.00 513.00  0.00
 2.00 514.00  0.00
 2.00 515.00  0.00
 2.00 516.00  0.00
